Untitled
1.000000000000000000e+00 1.259999999999977718e-03
9.999376947588286546e-01 1.268741711111376260e-03
9.997507945630869086e-01 1.294960619805968216e-03
9.994393459922217282e-01 1.338638063129696200e-03
9.990034266657467077e-01 1.399742972663006605e-03
9.984431452238966553e-01 1.478231929120166210e-03
9.977586413005530286e-01 1.574049238476499290e-03
9.969500854884438823e-01 1.687127029311921668e-03
9.960176792966288772e-01 1.817385370974844297e-03
9.949616551002785636e-01 1.964732412084466227e-03
9.937822760827619284e-01 2.129064538807714981e-03
9.924798361700553073e-01 2.310266552266595792e-03
9.910546599574902027e-01 2.508211864355760785e-03
9.895071026288573268e-01 2.722762711174930676e-03
9.878375498678868549e-01 2.953770383211851234e-03
9.860464177621284243e-01 3.201075471344128065e-03
9.841341526992536393e-01 3.464508127666945849e-03
9.821012312558058399e-01 3.743888340095283002e-03
9.799481600784285540e-01 4.039026219635984995e-03
9.776754757575973898e-01 4.349722299179114952e-03
9.752837446938913413e-01 4.675767842611385991e-03
9.727735629568335929e-01 5.016945163021277118e-03
9.701455561363377944e-01 5.373027948729799420e-03
9.674003791867991087e-01 5.743781595857471757e-03
9.645387162638652256e-01 6.128963546116372903e-03
9.615612805539304198e-01 6.528323628500765259e-03
9.584688140963943948e-01 6.941604403544987013e-03
9.552620875987311022e-01 7.368541508809608315e-03
9.519419002444118316e-01 7.808864004265524995e-03
9.485090794937317549e-01 8.262294716253263185e-03
9.449644808775901073e-01 8.728550578708939994e-03
9.413089877842735209e-01 9.207342970375505947e-03
9.375435112392969117e-01 9.698378046737914440e-03
9.336689896783574305e-01 1.020135706546279608e-02
9.296863887134559912e-01 1.071597670415518067e-02
9.255967008922472150e-01 1.124192936929486498e-02
9.214009454506753016e-01 1.177890349526105294e-02
9.171001680589587757e-01 1.232658383241259578e-02
9.126954405609881693e-01 1.288465172324808339e-02
9.081878607071995901e-01 1.345278536573684021e-02
9.035785518809926753e-01 1.403066006297904421e-02
8.988686628187596561e-01 1.461794845842877971e-02
8.940593673235961436e-01 1.521432075598719465e-02
8.891518639727651330e-01 1.581944492435646485e-02
8.841473758189853926e-01 1.643298688512598651e-02
8.790471500856227305e-01 1.705461068414928019e-02
8.738524578558546363e-01 1.768397864585900120e-02
8.685645937558894580e-01 1.832075151025538626e-02
8.631848756323197147e-01 1.896458855239816638e-02
8.577146442236855961e-01 1.961514768432233435e-02
8.521552628263360241e-01 2.027208553939307753e-02
8.465081169546659901e-01 2.093505753920926749e-02
8.407746139958168774e-01 2.160371794325730704e-02
8.349561828589276979e-01 2.227771988161239905e-02
8.290542736190188444e-01 2.295671537107531190e-02
8.230703571556050591e-01 2.364035531522343248e-02
8.170059247861194418e-01 2.432828948894622673e-02
8.108624878942476411e-01 2.502016650811878309e-02
8.046415775532584913e-01 2.571563378515568862e-02
7.983447441444280201e-01 2.641433747126551920e-02
7.919735569706531919e-01 2.711592238630597049e-02
7.855296038653474255e-01 2.782003193721439491e-02
7.790144907967200272e-01 2.852630802605765972e-02
7.724298414675352387e-01 2.923439094881237141e-02
7.657772969104507110e-01 2.994391928604705003e-02
7.590585150790387647e-01 3.065452978673391393e-02
7.522751704345886914e-01 3.136585724646986928e-02
7.454289535287967894e-01 3.207753438142985081e-02
7.385215705824448307e-01 3.278919169941708206e-02
7.315547430601738732e-01 3.350045736940698154e-02
7.245302072414602224e-01 3.421095709100862442e-02
7.174497137878965702e-01 3.492031396529017562e-02
7.103150273068921106e-01 3.562814836842655847e-02
7.031279259118945468e-01 3.633407782963771898e-02
6.958902007792465705e-01 3.703771691488532553e-02
6.886036557017880533e-01 3.773867711779038681e-02
6.812701066393123117e-01 3.843656675922214189e-02
6.738913812659912406e-01 3.913099089698832134e-02
6.664693185148806709e-01 3.982155124703169735e-02
6.590057681196190842e-01 4.050784611750395808e-02
6.515025901534363673e-01 4.118947035704931259e-02
6.439616545655832969e-01 4.186601531858370751e-02
6.363848407153016584e-01 4.253706883980301612e-02
6.287740369034484633e-01 4.320221524159535698e-02
6.211311399018917268e-01 4.386103534546773042e-02
6.134580544807950453e-01 4.451310651102683563e-02
6.057566929339095463e-01 4.515800269447753368e-02
5.980289746019891162e-01 4.579529452902269399e-02
5.902768253944511434e-01 4.642454942795908035e-02
5.825021773093996824e-01 4.704533171117606521e-02
5.747069679521304986e-01 4.765720275566715652e-02
5.668931400522395636e-01 4.825972117056481075e-02
5.590626409794540175e-01 4.885244299710753829e-02
5.512174222583067218e-01 4.943492193384143446e-02
5.433594390817755304e-01 5.000670958724950932e-02
5.354906498240080692e-01 5.056735574789234661e-02
5.276130155522540388e-01 5.111640869202824233e-02
5.197284995381263872e-01 5.165341550856970831e-02
5.118390667683120343e-01 5.217792245111486926e-02
5.039466834548567142e-01 5.268947531467843559e-02
4.960533165451434523e-01 5.318761983662930598e-02
4.881609332316880212e-01 5.367190212122750770e-02
4.802715004618736683e-01 5.414186908703800399e-02
4.723869844477459612e-01 5.459706893638480163e-02
4.645093501759920973e-01 5.503705164589841464e-02
4.566405609182246916e-01 5.546136947709965487e-02
4.487825777416933337e-01 5.586957750585681837e-02
4.409373590205460380e-01 5.626123416944914940e-02
4.331068599477604919e-01 5.663590182987132682e-02
4.252930320478696125e-01 5.699314735191633730e-02
4.174978226906004286e-01 5.733254269448520568e-02
4.097231746055489121e-01 5.765366551348397733e-02
4.019710253980109949e-01 5.795609977458906353e-02
3.942433070660905092e-01 5.823943637408635077e-02
3.865419455192049547e-01 5.850327376592028700e-02
3.788688600981084953e-01 5.874721859302720756e-02
3.712259630965517587e-01 5.897088632097030603e-02
3.636151592846984526e-01 5.917390187184502770e-02
3.560383454344168142e-01 5.935590025638204370e-02
3.484974098465636883e-01 5.951652720214001963e-02
3.409942318803809158e-01 5.965543977565407330e-02
3.335306814851195512e-01 5.977230699638643591e-02
3.261086187340088149e-01 5.986681044031551269e-02
3.187298933606877993e-01 5.993864483099571594e-02
3.113963442982120577e-01 5.998751861592657719e-02
3.041097992207534850e-01 6.001315452608230183e-02
2.968720740881055642e-01 6.001529011647532830e-02
2.896849726931080005e-01 5.999367828565693034e-02
2.825502862121035408e-01 5.994808777209564149e-02
2.754697927585401107e-01 5.987830362542177765e-02
2.684452569398261268e-01 5.978412765057883327e-02
2.614784294175551693e-01 5.966537882298589973e-02
2.545710464712032106e-01 5.952189367288440724e-02
2.477248295654113086e-01 5.935352663711988830e-02
2.409414849209612353e-01 5.916015037669403870e-02
2.342227030895493445e-01 5.894165605851397344e-02
2.275701585324649279e-01 5.869795359986348243e-02
2.209855092032799728e-01 5.842897187422645133e-02
2.144703961346526300e-01 5.813465887720291325e-02
2.080264430293469746e-01 5.781498185137474988e-02
2.016552558555720354e-01 5.746992736910007393e-02
1.953584224467416197e-01 5.709950137234207079e-02
1.891375121057524700e-01 5.670372916876933317e-02
1.829940752138806692e-01 5.628265538349951774e-02
1.769296428443952185e-01 5.583634386599836685e-02
1.709457263809812111e-01 5.536487755178614439e-02
1.650438171410725241e-01 5.486835827875011923e-02
1.592253860041831781e-01 5.434690655800675924e-02
1.534918830453341210e-01 5.380066129940659636e-02
1.478447371736640314e-01 5.322977949192337493e-02
1.422853557763144039e-01 5.263443583931898262e-02
1.368151243676802853e-01 5.201482235162570300e-02
1.314354062441105975e-01 5.137114789313581426e-02
1.261475421441454192e-01 5.070363768773725882e-02
1.209528499143773250e-01 5.001253278258013801e-02
1.158526241810146629e-01 4.929808947120256635e-02
1.108481360272351446e-01 4.856057867738697992e-02
1.059406326764038564e-01 4.780028530115445345e-02
1.011313371812403439e-01 4.701750752844090914e-02
9.642144811900738022e-02 4.621255610612757386e-02
9.181213929280046537e-02 4.538575358422416994e-02
8.730455943901188620e-02 4.453743352712386666e-02
8.289983194104127984e-02 4.366793969596232533e-02
7.859905454932480939e-02 4.277762520422243725e-02
7.440329910775272948e-02 4.186685164882789773e-02
7.031361128654400883e-02 4.093598821906355850e-02
6.633101032164273603e-02 3.998541078574734120e-02
6.245648876070319933e-02 3.901550097315999860e-02
5.869101221572653460e-02 3.802664521630932243e-02
5.503551912240989274e-02 3.701923380616969905e-02
5.149092050626824513e-02 3.599365992559315497e-02
4.805809975558827940e-02 3.495031867863424707e-02
4.473791240126889779e-02 3.388960611606840756e-02
4.153118590360571627e-02 3.281191825991225386e-02
3.843871944606969127e-02 3.171765012977234566e-02
3.546128373613471885e-02 3.060719477386020931e-02
3.259962081320089133e-02 2.948094230750980885e-02
2.985444386366226110e-02 2.833927896202589891e-02
2.722643704316646263e-02 2.718258614667283177e-02
2.471625530610860322e-02 2.601123952658457306e-02
2.232452424240261024e-02 2.482560811933996400e-02
2.005183992157155703e-02 2.362605341290078403e-02
1.789876874419416009e-02 2.241292850755328275e-02
1.586584730074641625e-02 2.118657728443084504e-02
1.395358223787152019e-02 1.994733360311986767e-02
1.216245013211320058e-02 1.869552053077105577e-02
1.049289737114278420e-02 1.743144960504651453e-02
8.945340042509797307e-03 1.615542013313548894e-02
7.520163829944748191e-03 1.486771852896628249e-02
6.217723917238127118e-03 1.356861769062706925e-02
5.038344899721436398e-03 1.225837641989070345e-02
3.982320703371122761e-03 1.093723888561006462e-02
3.049914511556117702e-03 9.605434132619177293e-03
2.241358699447082437e-03 8.263175637636682377e-03
1.556854776103400173e-03 6.910660913524377565e-03
9.965733342532923089e-04 5.548071163107804078e-03
5.606540077782162790e-04 4.175570983609821173e-03
2.492054369130913827e-04 2.793308122595589051e-03
6.230524117134539352e-05 1.401413286170188248e-03
0.000000000000000000e+00 0.000000000000000000e+00
6.230524117134539352e-05 -1.401413286170188248e-03
2.492054369130913827e-04 -2.793308122595589051e-03
5.606540077782162790e-04 -4.175570983609821173e-03
9.965733342532923089e-04 -5.548071163107804078e-03
1.556854776103400173e-03 -6.910660913524377565e-03
2.241358699447082437e-03 -8.263175637636682377e-03
3.049914511556117702e-03 -9.605434132619177293e-03
3.982320703371122761e-03 -1.093723888561006462e-02
5.038344899721436398e-03 -1.225837641989070345e-02
6.217723917238127118e-03 -1.356861769062706925e-02
7.520163829944748191e-03 -1.486771852896628249e-02
8.945340042509797307e-03 -1.615542013313548894e-02
1.049289737114278420e-02 -1.743144960504651453e-02
1.216245013211320058e-02 -1.869552053077105577e-02
1.395358223787152019e-02 -1.994733360311986767e-02
1.586584730074641625e-02 -2.118657728443084504e-02
1.789876874419416009e-02 -2.241292850755328275e-02
2.005183992157155703e-02 -2.362605341290078403e-02
2.232452424240261024e-02 -2.482560811933996400e-02
2.471625530610860322e-02 -2.601123952658457306e-02
2.722643704316646263e-02 -2.718258614667283177e-02
2.985444386366226110e-02 -2.833927896202589891e-02
3.259962081320089133e-02 -2.948094230750980885e-02
3.546128373613471885e-02 -3.060719477386020931e-02
3.843871944606969127e-02 -3.171765012977234566e-02
4.153118590360571627e-02 -3.281191825991225386e-02
4.473791240126889779e-02 -3.388960611606840756e-02
4.805809975558827940e-02 -3.495031867863424707e-02
5.149092050626824513e-02 -3.599365992559315497e-02
5.503551912240989274e-02 -3.701923380616969905e-02
5.869101221572653460e-02 -3.802664521630932243e-02
6.245648876070319933e-02 -3.901550097315999860e-02
6.633101032164273603e-02 -3.998541078574734120e-02
7.031361128654400883e-02 -4.093598821906355850e-02
7.440329910775272948e-02 -4.186685164882789773e-02
7.859905454932480939e-02 -4.277762520422243725e-02
8.289983194104127984e-02 -4.366793969596232533e-02
8.730455943901188620e-02 -4.453743352712386666e-02
9.181213929280046537e-02 -4.538575358422416994e-02
9.642144811900738022e-02 -4.621255610612757386e-02
1.011313371812403439e-01 -4.701750752844090914e-02
1.059406326764038564e-01 -4.780028530115445345e-02
1.108481360272351446e-01 -4.856057867738697992e-02
1.158526241810146629e-01 -4.929808947120256635e-02
1.209528499143773250e-01 -5.001253278258013801e-02
1.261475421441454192e-01 -5.070363768773725882e-02
1.314354062441105975e-01 -5.137114789313581426e-02
1.368151243676802853e-01 -5.201482235162570300e-02
1.422853557763144039e-01 -5.263443583931898262e-02
1.478447371736640314e-01 -5.322977949192337493e-02
1.534918830453341210e-01 -5.380066129940659636e-02
1.592253860041831781e-01 -5.434690655800675924e-02
1.650438171410725241e-01 -5.486835827875011923e-02
1.709457263809812111e-01 -5.536487755178614439e-02
1.769296428443952185e-01 -5.583634386599836685e-02
1.829940752138806692e-01 -5.628265538349951774e-02
1.891375121057524700e-01 -5.670372916876933317e-02
1.953584224467416197e-01 -5.709950137234207079e-02
2.016552558555720354e-01 -5.746992736910007393e-02
2.080264430293469746e-01 -5.781498185137474988e-02
2.144703961346526300e-01 -5.813465887720291325e-02
2.209855092032799728e-01 -5.842897187422645133e-02
2.275701585324649279e-01 -5.869795359986348243e-02
2.342227030895493445e-01 -5.894165605851397344e-02
2.409414849209612353e-01 -5.916015037669403870e-02
2.477248295654113086e-01 -5.935352663711988830e-02
2.545710464712032106e-01 -5.952189367288440724e-02
2.614784294175551693e-01 -5.966537882298589973e-02
2.684452569398261268e-01 -5.978412765057883327e-02
2.754697927585401107e-01 -5.987830362542177765e-02
2.825502862121035408e-01 -5.994808777209564149e-02
2.896849726931080005e-01 -5.999367828565693034e-02
2.968720740881055642e-01 -6.001529011647532830e-02
3.041097992207534850e-01 -6.001315452608230183e-02
3.113963442982120577e-01 -5.998751861592657719e-02
3.187298933606877993e-01 -5.993864483099571594e-02
3.261086187340088149e-01 -5.986681044031551269e-02
3.335306814851195512e-01 -5.977230699638643591e-02
3.409942318803809158e-01 -5.965543977565407330e-02
3.484974098465636883e-01 -5.951652720214001963e-02
3.560383454344168142e-01 -5.935590025638204370e-02
3.636151592846984526e-01 -5.917390187184502770e-02
3.712259630965517587e-01 -5.897088632097030603e-02
3.788688600981084953e-01 -5.874721859302720756e-02
3.865419455192049547e-01 -5.850327376592028700e-02
3.942433070660905092e-01 -5.823943637408635077e-02
4.019710253980109949e-01 -5.795609977458906353e-02
4.097231746055489121e-01 -5.765366551348397733e-02
4.174978226906004286e-01 -5.733254269448520568e-02
4.252930320478696125e-01 -5.699314735191633730e-02
4.331068599477604919e-01 -5.663590182987132682e-02
4.409373590205460380e-01 -5.626123416944914940e-02
4.487825777416933337e-01 -5.586957750585681837e-02
4.566405609182246916e-01 -5.546136947709965487e-02
4.645093501759920973e-01 -5.503705164589841464e-02
4.723869844477459612e-01 -5.459706893638480163e-02
4.802715004618736683e-01 -5.414186908703800399e-02
4.881609332316880212e-01 -5.367190212122750770e-02
4.960533165451434523e-01 -5.318761983662930598e-02
5.039466834548567142e-01 -5.268947531467843559e-02
5.118390667683120343e-01 -5.217792245111486926e-02
5.197284995381263872e-01 -5.165341550856970831e-02
5.276130155522540388e-01 -5.111640869202824233e-02
5.354906498240080692e-01 -5.056735574789234661e-02
5.433594390817755304e-01 -5.000670958724950932e-02
5.512174222583067218e-01 -4.943492193384143446e-02
5.590626409794540175e-01 -4.885244299710753829e-02
5.668931400522395636e-01 -4.825972117056481075e-02
5.747069679521304986e-01 -4.765720275566715652e-02
5.825021773093996824e-01 -4.704533171117606521e-02
5.902768253944511434e-01 -4.642454942795908035e-02
5.980289746019891162e-01 -4.579529452902269399e-02
6.057566929339095463e-01 -4.515800269447753368e-02
6.134580544807950453e-01 -4.451310651102683563e-02
6.211311399018917268e-01 -4.386103534546773042e-02
6.287740369034484633e-01 -4.320221524159535698e-02
6.363848407153016584e-01 -4.253706883980301612e-02
6.439616545655832969e-01 -4.186601531858370751e-02
6.515025901534363673e-01 -4.118947035704931259e-02
6.590057681196190842e-01 -4.050784611750395808e-02
6.664693185148806709e-01 -3.982155124703169735e-02
6.738913812659912406e-01 -3.913099089698832134e-02
6.812701066393123117e-01 -3.843656675922214189e-02
6.886036557017880533e-01 -3.773867711779038681e-02
6.958902007792465705e-01 -3.703771691488532553e-02
7.031279259118945468e-01 -3.633407782963771898e-02
7.103150273068921106e-01 -3.562814836842655847e-02
7.174497137878965702e-01 -3.492031396529017562e-02
7.245302072414602224e-01 -3.421095709100862442e-02
7.315547430601738732e-01 -3.350045736940698154e-02
7.385215705824448307e-01 -3.278919169941708206e-02
7.454289535287967894e-01 -3.207753438142985081e-02
7.522751704345886914e-01 -3.136585724646986928e-02
7.590585150790387647e-01 -3.065452978673391393e-02
7.657772969104507110e-01 -2.994391928604705003e-02
7.724298414675352387e-01 -2.923439094881237141e-02
7.790144907967200272e-01 -2.852630802605765972e-02
7.855296038653474255e-01 -2.782003193721439491e-02
7.919735569706531919e-01 -2.711592238630597049e-02
7.983447441444280201e-01 -2.641433747126551920e-02
8.046415775532584913e-01 -2.571563378515568862e-02
8.108624878942476411e-01 -2.502016650811878309e-02
8.170059247861194418e-01 -2.432828948894622673e-02
8.230703571556050591e-01 -2.364035531522343248e-02
8.290542736190188444e-01 -2.295671537107531190e-02
8.349561828589276979e-01 -2.227771988161239905e-02
8.407746139958168774e-01 -2.160371794325730704e-02
8.465081169546659901e-01 -2.093505753920926749e-02
8.521552628263360241e-01 -2.027208553939307753e-02
8.577146442236855961e-01 -1.961514768432233435e-02
8.631848756323197147e-01 -1.896458855239816638e-02
8.685645937558894580e-01 -1.832075151025538626e-02
8.738524578558546363e-01 -1.768397864585900120e-02
8.790471500856227305e-01 -1.705461068414928019e-02
8.841473758189853926e-01 -1.643298688512598651e-02
8.891518639727651330e-01 -1.581944492435646485e-02
8.940593673235961436e-01 -1.521432075598719465e-02
8.988686628187596561e-01 -1.461794845842877971e-02
9.035785518809926753e-01 -1.403066006297904421e-02
9.081878607071995901e-01 -1.345278536573684021e-02
9.126954405609881693e-01 -1.288465172324808339e-02
9.171001680589587757e-01 -1.232658383241259578e-02
9.214009454506753016e-01 -1.177890349526105294e-02
9.255967008922472150e-01 -1.124192936929486498e-02
9.296863887134559912e-01 -1.071597670415518067e-02
9.336689896783574305e-01 -1.020135706546279608e-02
9.375435112392969117e-01 -9.698378046737914440e-03
9.413089877842735209e-01 -9.207342970375505947e-03
9.449644808775901073e-01 -8.728550578708939994e-03
9.485090794937317549e-01 -8.262294716253263185e-03
9.519419002444118316e-01 -7.808864004265524995e-03
9.552620875987311022e-01 -7.368541508809608315e-03
9.584688140963943948e-01 -6.941604403544987013e-03
9.615612805539304198e-01 -6.528323628500765259e-03
9.645387162638652256e-01 -6.128963546116372903e-03
9.674003791867991087e-01 -5.743781595857471757e-03
9.701455561363377944e-01 -5.373027948729799420e-03
9.727735629568335929e-01 -5.016945163021277118e-03
9.752837446938913413e-01 -4.675767842611385991e-03
9.776754757575973898e-01 -4.349722299179114952e-03
9.799481600784285540e-01 -4.039026219635984995e-03
9.821012312558058399e-01 -3.743888340095283002e-03
9.841341526992536393e-01 -3.464508127666945849e-03
9.860464177621284243e-01 -3.201075471344128065e-03
9.878375498678868549e-01 -2.953770383211851234e-03
9.895071026288573268e-01 -2.722762711174930676e-03
9.910546599574902027e-01 -2.508211864355760785e-03
9.924798361700553073e-01 -2.310266552266595792e-03
9.937822760827619284e-01 -2.129064538807714981e-03
9.949616551002785636e-01 -1.964732412084466227e-03
9.960176792966288772e-01 -1.817385370974844297e-03
9.969500854884438823e-01 -1.687127029311921668e-03
9.977586413005530286e-01 -1.574049238476499290e-03
9.984431452238966553e-01 -1.478231929120166210e-03
9.990034266657467077e-01 -1.399742972663006605e-03
9.994393459922217282e-01 -1.338638063129696200e-03
9.997507945630869086e-01 -1.294960619805968216e-03
9.999376947588286546e-01 -1.268741711111376260e-03
1.000000000000000000e+00 -1.259999999999977718e-03
