Name = Untitled
Mach = 0.3; Re = 1000000; T.U. = 1.0; T.L. = 1.0
Surface Finish = 0; Stall model = 0; Transition model = 1; Aspect Ratio = 0; ground effect = 0
α	Cl	Cd	Cm 0.25	T.U.	T.L.	S.U.	S.L.	L/D	A.C.	C.P.
[°]	[-]	[-]	[-]	[-]	[-]	[-]	[-]	[-]	[-]	[-]
-60.0	-0.579	1.03725	0.018	0.514	0.071	0.529	0.078	-0.558	0.194	0.281
-59.0	-0.574	0.97234	0.018	0.513	0.071	0.524	0.077	-0.590	0.197	0.281
-58.0	-0.568	0.90637	0.018	0.511	0.071	0.519	0.077	-0.627	0.201	0.282
-57.0	-0.562	0.87643	0.019	0.508	0.071	0.514	0.077	-0.642	0.205	0.283
-56.0	-0.556	0.83800	0.019	0.506	0.071	0.510	0.077	-0.664	0.226	0.284
-55.0	-0.550	0.93745	0.019	0.504	0.067	0.506	0.074	-0.587	0.230	0.284
-54.0	-0.544	0.87230	0.019	0.504	0.067	0.504	0.074	-0.623	0.218	0.285
-53.0	-0.537	0.80831	0.019	0.504	0.067	0.504	0.073	-0.665	0.020	0.286
-52.0	-0.530	0.82745	0.022	1.000	0.064	1.000	0.071	-0.641	0.029	0.292
-51.0	-0.524	0.85073	0.022	1.000	0.064	1.000	0.070	-0.616	0.230	0.293
-50.0	-0.517	0.77683	0.022	1.000	0.064	1.000	0.070	-0.665	0.243	0.293
-49.0	-0.509	0.77768	0.022	1.000	0.060	1.000	0.067	-0.655	0.249	0.294
-48.0	-0.502	0.74088	0.022	1.000	0.060	1.000	0.067	-0.678	0.244	0.295
-47.0	-0.495	0.71657	0.023	1.000	0.060	1.000	0.066	-0.690	0.258	0.296
-46.0	-0.487	0.71875	0.022	1.000	0.056	1.000	0.063	-0.677	0.262	0.296
-45.0	-0.479	0.70399	0.022	1.000	0.056	1.000	0.063	-0.680	0.254	0.297
-44.0	-0.471	0.64401	0.022	1.000	0.056	1.000	0.062	-0.731	0.270	0.297
-43.0	-0.463	0.69169	0.022	1.000	0.053	1.000	0.059	-0.669	0.273	0.298
-42.0	-0.454	0.62378	0.022	1.000	0.053	1.000	0.059	-0.728	0.274	0.298
-41.0	-0.446	0.62422	0.022	1.000	0.049	1.000	0.056	-0.714	0.278	0.298
-40.0	-0.437	0.59205	0.021	1.000	0.049	1.000	0.055	-0.738	0.279	0.299
-39.0	-0.428	0.58200	0.021	1.000	0.046	1.000	0.052	-0.736	0.281	0.299
-38.0	-0.419	0.53277	0.021	1.000	0.046	1.000	0.052	-0.787	0.284	0.300
-37.0	-0.410	0.53811	0.020	1.000	0.043	1.000	0.049	-0.762	0.295	0.300
-36.0	-0.401	0.53615	0.020	1.000	0.040	1.000	0.047	-0.748	0.288	0.300
-35.0	-0.392	0.49523	0.020	1.000	0.040	1.000	0.046	-0.791	0.292	0.300
-34.0	-0.382	0.48959	0.019	1.000	0.037	1.000	0.044	-0.780	0.301	0.300
-33.0	-0.372	0.48426	0.019	1.000	0.034	1.000	0.041	-0.769	0.296	0.300
-32.0	-0.362	0.44033	0.018	1.000	0.034	1.000	0.040	-0.823	0.299	0.301
-31.0	-0.352	0.42784	0.018	1.000	0.031	1.000	0.038	-0.824	0.303	0.301
-30.0	-0.342	0.41110	0.017	1.000	0.029	1.000	0.036	-0.833	0.298	0.301
-29.0	-0.332	0.37284	0.017	1.000	0.029	1.000	0.035	-0.891	0.301	0.301
-28.0	-0.322	0.36647	0.016	1.000	0.026	1.000	0.033	-0.878	0.310	0.300
-27.0	-0.311	0.35731	0.016	1.000	0.024	1.000	0.030	-0.871	0.307	0.300
-26.0	-0.301	0.32733	0.015	1.000	0.022	1.000	0.029	-0.919	0.307	0.300
-25.0	-0.290	0.31290	0.014	1.000	0.020	1.000	0.026	-0.927	0.312	0.300
-24.0	-0.279	0.30032	0.014	1.000	0.018	1.000	0.024	-0.930	0.307	0.299
-23.0	-0.269	0.28184	0.013	1.000	0.015	1.000	0.023	-0.953	0.307	0.299
-22.0	-0.258	0.26280	0.012	1.000	0.014	1.000	0.021	-0.980	0.309	0.298
-21.0	-0.247	0.24163	0.012	1.000	0.012	1.000	0.020	-1.020	0.308	0.298
-20.0	-0.235	0.22434	0.011	1.000	0.010	1.000	0.018	-1.049	0.311	0.297
-19.0	-0.224	0.20483	0.010	1.000	0.009	1.000	0.016	-1.094	0.304	0.297
-18.0	-0.213	0.19462	0.010	1.000	0.006	1.000	0.016	-1.094	0.302	0.297
-17.0	-0.201	0.17959	0.009	1.000	0.004	1.000	0.014	-1.122	0.306	0.296
-16.0	-0.190	0.16510	0.009	1.000	0.002	1.000	0.013	-1.151	0.286	0.295
-15.0	-0.179	0.14029	0.008	0.985	0.003	1.000	0.016	-1.273	0.237	0.297
-14.0	-0.168	0.11567	0.009	0.979	0.004	1.000	0.028	-1.449	0.202	0.303
-13.0	-0.157	0.09626	0.010	0.972	0.004	1.000	0.055	-1.631	0.156	0.311
-12.0	-0.148	0.07418	0.011	0.964	0.005	1.000	0.146	-2.001	-0.200	0.322
-11.0	-0.149	0.03493	0.013	0.955	0.006	1.000	0.547	-4.279	-0.392	0.336
-10.0	-0.145	0.02094	0.013	0.943	0.007	1.000	0.849	-6.929	0.314	0.339
-9.0	-0.133	0.01764	0.012	0.930	0.009	1.000	0.941	-7.556	0.336	0.339
-8.0	-0.119	0.01573	0.011	0.913	0.012	1.000	0.975	-7.594	0.337	0.339
-7.0	-0.105	0.01527	0.009	0.892	0.017	1.000	0.994	-6.877	0.338	0.339
-6.0	-0.090	0.00916	0.008	0.865	0.025	1.000	1.000	-9.843	0.339	0.340
-5.0	-0.075	0.00854	0.007	0.831	0.052	1.000	1.000	-8.812	0.339	0.340
-4.0	-0.060	0.00760	0.005	0.788	0.169	1.000	1.000	-7.925	0.339	0.340
-3.0	-0.045	0.00704	0.004	0.733	0.275	1.000	1.000	-6.419	0.340	0.340
-2.0	-0.030	0.00678	0.003	0.665	0.356	1.000	1.000	-4.445	0.340	0.340
-1.0	-0.015	0.00667	0.001	0.590	0.433	1.000	1.000	-2.258	0.340	0.340
0.0	0.000	0.00656	-0.000	0.511	0.511	1.000	1.000	0.000	0.340	0.250
1.0	0.015	0.00660	-0.001	0.434	0.590	1.000	1.000	2.283	0.340	0.340
2.0	0.030	0.00680	-0.003	0.356	0.665	1.000	1.000	4.432	0.340	0.340
3.0	0.045	0.00704	-0.004	0.275	0.733	1.000	1.000	6.420	0.340	0.340
4.0	0.060	0.00758	-0.005	0.170	0.788	1.000	1.000	7.943	0.339	0.340
5.0	0.075	0.00853	-0.007	0.053	0.831	1.000	1.000	8.822	0.339	0.340
6.0	0.090	0.00917	-0.008	0.025	0.865	1.000	1.000	9.833	0.339	0.340
7.0	0.105	0.01524	-0.009	0.017	0.892	0.994	1.000	6.890	0.338	0.339
8.0	0.119	0.01573	-0.011	0.012	0.913	0.975	1.000	7.593	0.337	0.339
9.0	0.133	0.01763	-0.012	0.009	0.930	0.941	1.000	7.559	0.336	0.339
10.0	0.145	0.02096	-0.013	0.007	0.943	0.849	1.000	6.924	0.314	0.339
11.0	0.149	0.03500	-0.013	0.006	0.955	0.546	1.000	4.268	-0.394	0.336
12.0	0.148	0.07424	-0.011	0.005	0.964	0.145	1.000	1.999	-0.190	0.322
13.0	0.157	0.09625	-0.010	0.004	0.972	0.056	1.000	1.631	0.157	0.311
14.0	0.168	0.11541	-0.009	0.004	0.979	0.029	1.000	1.452	0.199	0.303
15.0	0.179	0.13949	-0.008	0.003	0.985	0.016	1.000	1.281	0.239	0.297
16.0	0.190	0.16900	-0.009	0.002	1.000	0.014	1.000	1.124	0.285	0.296
17.0	0.201	0.17975	-0.009	0.004	1.000	0.014	1.000	1.121	0.302	0.296
18.0	0.213	0.19591	-0.010	0.006	1.000	0.015	1.000	1.086	0.306	0.297
19.0	0.224	0.20571	-0.011	0.009	1.000	0.016	1.000	1.090	0.305	0.297
20.0	0.235	0.22493	-0.011	0.010	1.000	0.018	1.000	1.046	0.310	0.297
21.0	0.247	0.24322	-0.012	0.012	1.000	0.020	1.000	1.014	0.309	0.298
22.0	0.258	0.26338	-0.012	0.014	1.000	0.021	1.000	0.978	0.308	0.298
23.0	0.269	0.27713	-0.013	0.015	1.000	0.023	1.000	0.969	0.306	0.299
24.0	0.279	0.30169	-0.014	0.018	1.000	0.024	1.000	0.926	0.308	0.299
25.0	0.290	0.31927	-0.014	0.019	1.000	0.026	1.000	0.909	0.313	0.300
26.0	0.301	0.33237	-0.015	0.021	1.000	0.029	1.000	0.905	0.306	0.300
27.0	0.311	0.35484	-0.016	0.024	1.000	0.030	1.000	0.877	0.307	0.300
28.0	0.322	0.36872	-0.016	0.026	1.000	0.033	1.000	0.873	0.312	0.300
29.0	0.332	0.38134	-0.017	0.029	1.000	0.035	1.000	0.871	0.301	0.301
30.0	0.342	0.41461	-0.017	0.029	1.000	0.036	1.000	0.826	0.297	0.300
31.0	0.352	0.42828	-0.018	0.031	1.000	0.038	1.000	0.823	0.303	0.301
32.0	0.362	0.44045	-0.018	0.034	1.000	0.040	1.000	0.823	0.300	0.301
33.0	0.372	0.48952	-0.019	0.034	1.000	0.042	1.000	0.760	0.296	0.300
34.0	0.382	0.49054	-0.019	0.037	1.000	0.044	1.000	0.779	0.300	0.300
35.0	0.392	0.49614	-0.020	0.040	1.000	0.046	1.000	0.789	0.293	0.300
36.0	0.401	0.54602	-0.020	0.040	1.000	0.047	1.000	0.734	0.288	0.300
37.0	0.410	0.53914	-0.020	0.043	1.000	0.049	1.000	0.761	0.294	0.300
38.0	0.419	0.54078	-0.021	0.046	1.000	0.052	1.000	0.776	0.285	0.300
39.0	0.428	0.57627	-0.021	0.046	1.000	0.052	1.000	0.743	0.281	0.299
40.0	0.437	0.58520	-0.021	0.049	1.000	0.055	1.000	0.747	0.279	0.299
41.0	0.446	0.62178	-0.022	0.049	1.000	0.056	1.000	0.717	0.278	0.298
42.0	0.454	0.62913	-0.022	0.053	1.000	0.059	1.000	0.722	0.274	0.298
43.0	0.463	0.69344	-0.022	0.053	1.000	0.059	1.000	0.667	0.273	0.298
44.0	0.471	0.64494	-0.022	0.056	1.000	0.062	1.000	0.730	0.271	0.297
45.0	0.479	0.68808	-0.022	0.056	1.000	0.063	1.000	0.696	0.254	0.297
46.0	0.487	0.72054	-0.022	0.056	1.000	0.063	1.000	0.675	0.261	0.296
47.0	0.495	0.71994	-0.023	0.060	1.000	0.066	1.000	0.687	0.258	0.296
48.0	0.502	0.74169	-0.022	0.060	1.000	0.067	1.000	0.677	0.244	0.295
49.0	0.509	0.78971	-0.022	0.060	1.000	0.067	1.000	0.645	0.249	0.294
50.0	0.517	0.77683	-0.022	0.064	1.000	0.070	1.000	0.665	0.243	0.293
51.0	0.524	0.85073	-0.022	0.064	1.000	0.070	1.000	0.616	0.230	0.293
52.0	0.530	0.82745	-0.022	0.064	1.000	0.071	1.000	0.641	0.029	0.292
53.0	0.537	0.80831	-0.019	0.067	0.504	0.073	0.504	0.665	0.020	0.286
54.0	0.544	0.87230	-0.019	0.067	0.504	0.074	0.504	0.623	0.218	0.285
55.0	0.550	0.93745	-0.019	0.067	0.504	0.074	0.506	0.587	0.230	0.284
56.0	0.556	0.83800	-0.019	0.071	0.506	0.077	0.510	0.664	0.226	0.284
57.0	0.562	0.87643	-0.019	0.071	0.508	0.077	0.514	0.642	0.205	0.283
58.0	0.568	0.90637	-0.018	0.071	0.511	0.077	0.519	0.627	0.201	0.282
59.0	0.574	0.97234	-0.018	0.071	0.513	0.077	0.524	0.590	0.197	0.281
60.0	0.579	1.03725	-0.018	0.071	0.514	0.078	0.529	0.558	0.194	0.281

Name = Untitled
Mach = 0.3; Re = 2000000; T.U. = 1.0; T.L. = 1.0
Surface Finish = 0; Stall model = 0; Transition model = 1; Aspect Ratio = 0; ground effect = 0
α	Cl	Cd	Cm 0.25	T.U.	T.L.	S.U.	S.L.	L/D	A.C.	C.P.
[°]	[-]	[-]	[-]	[-]	[-]	[-]	[-]	[-]	[-]	[-]
-60.0	-0.580	0.85769	0.018	0.514	0.071	0.540	0.083	-0.676	0.194	0.281
-59.0	-0.574	0.83379	0.018	0.513	0.071	0.532	0.083	-0.689	0.195	0.282
-58.0	-0.569	0.81230	0.019	0.511	0.071	0.524	0.083	-0.700	0.199	0.283
-57.0	-0.563	0.79305	0.019	0.508	0.071	0.518	0.083	-0.710	0.203	0.284
-56.0	-0.557	0.76450	0.019	0.506	0.071	0.512	0.084	-0.729	0.232	0.284
-55.0	-0.551	0.79556	0.019	0.504	0.067	0.507	0.079	-0.692	0.236	0.285
-54.0	-0.544	0.76228	0.019	0.504	0.067	0.504	0.079	-0.714	0.214	0.286
-53.0	-0.538	0.73275	0.020	0.504	0.067	0.504	0.079	-0.734	0.017	0.286
-52.0	-0.531	0.75375	0.022	1.000	0.063	1.000	0.075	-0.705	0.029	0.292
-51.0	-0.524	0.72037	0.023	1.000	0.063	1.000	0.075	-0.728	0.223	0.293
-50.0	-0.517	0.69108	0.023	1.000	0.063	1.000	0.076	-0.749	0.241	0.294
-49.0	-0.510	0.69887	0.023	1.000	0.059	1.000	0.073	-0.730	0.249	0.295
-48.0	-0.503	0.67516	0.023	1.000	0.059	1.000	0.072	-0.745	0.239	0.295
-47.0	-0.495	0.64080	0.023	1.000	0.059	1.000	0.073	-0.773	0.256	0.296
-46.0	-0.487	0.65387	0.023	1.000	0.056	1.000	0.069	-0.745	0.261	0.297
-45.0	-0.480	0.62174	0.023	1.000	0.056	1.000	0.069	-0.772	0.243	0.297
-44.0	-0.472	0.58679	0.023	1.000	0.056	1.000	0.071	-0.804	0.268	0.298
-43.0	-0.463	0.58959	0.022	1.000	0.052	1.000	0.066	-0.786	0.275	0.299
-42.0	-0.455	0.56002	0.022	1.000	0.052	1.000	0.066	-0.813	0.278	0.299
-41.0	-0.446	0.55900	0.022	1.000	0.049	1.000	0.061	-0.798	0.277	0.299
-40.0	-0.438	0.52384	0.022	1.000	0.049	1.000	0.063	-0.836	0.276	0.300
-39.0	-0.429	0.52838	0.022	1.000	0.046	1.000	0.059	-0.812	0.275	0.300
-38.0	-0.420	0.48935	0.022	1.000	0.046	1.000	0.061	-0.859	0.281	0.301
-37.0	-0.411	0.48864	0.021	1.000	0.042	1.000	0.056	-0.841	0.298	0.301
-36.0	-0.402	0.47563	0.021	1.000	0.039	1.000	0.055	-0.844	0.284	0.301
-35.0	-0.392	0.44681	0.020	1.000	0.039	1.000	0.054	-0.878	0.288	0.302
-34.0	-0.383	0.43873	0.020	1.000	0.036	1.000	0.052	-0.872	0.297	0.302
-33.0	-0.373	0.42581	0.019	1.000	0.034	1.000	0.049	-0.876	0.295	0.302
-32.0	-0.363	0.39517	0.019	1.000	0.034	1.000	0.048	-0.919	0.295	0.302
-31.0	-0.353	0.38231	0.019	1.000	0.031	1.000	0.046	-0.924	0.301	0.302
-30.0	-0.343	0.37107	0.018	1.000	0.028	1.000	0.044	-0.924	0.294	0.302
-29.0	-0.333	0.33956	0.018	1.000	0.028	1.000	0.044	-0.981	0.294	0.303
-28.0	-0.323	0.32498	0.017	1.000	0.026	1.000	0.042	-0.993	0.304	0.303
-27.0	-0.312	0.31333	0.017	1.000	0.023	1.000	0.040	-0.996	0.306	0.303
-26.0	-0.302	0.29676	0.016	1.000	0.021	1.000	0.038	-1.016	0.308	0.303
-25.0	-0.291	0.28163	0.015	1.000	0.019	1.000	0.036	-1.033	0.309	0.303
-24.0	-0.280	0.26880	0.015	1.000	0.017	1.000	0.034	-1.042	0.305	0.302
-23.0	-0.269	0.25343	0.014	1.000	0.015	1.000	0.033	-1.062	0.304	0.302
-22.0	-0.258	0.23423	0.013	1.000	0.013	1.000	0.031	-1.102	0.309	0.302
-21.0	-0.247	0.21875	0.013	1.000	0.012	1.000	0.029	-1.130	0.303	0.302
-20.0	-0.236	0.20232	0.012	1.000	0.010	1.000	0.029	-1.166	0.304	0.302
-19.0	-0.225	0.18553	0.012	1.000	0.009	1.000	0.027	-1.211	0.312	0.302
-18.0	-0.213	0.17578	0.011	1.000	0.006	1.000	0.025	-1.214	0.308	0.301
-17.0	-0.202	0.16274	0.010	1.000	0.004	1.000	0.024	-1.241	0.307	0.301
-16.0	-0.190	0.15260	0.010	0.983	0.002	1.000	0.022	-1.248	0.279	0.300
-15.0	-0.179	0.12833	0.010	0.976	0.003	1.000	0.030	-1.397	0.216	0.304
-14.0	-0.169	0.10542	0.010	0.968	0.004	1.000	0.058	-1.601	0.159	0.311
-13.0	-0.160	0.08229	0.011	0.960	0.004	1.000	0.133	-1.945	-0.025	0.321
-12.0	-0.158	0.04580	0.013	0.950	0.005	1.000	0.416	-3.452	-0.535	0.334
-11.0	-0.157	0.02299	0.014	0.937	0.006	1.000	0.773	-6.826	0.269	0.338
-10.0	-0.147	0.01782	0.013	0.922	0.007	1.000	0.916	-8.258	0.333	0.339
-9.0	-0.134	0.01561	0.012	0.903	0.009	1.000	0.966	-8.580	0.337	0.339
-8.0	-0.120	0.01454	0.011	0.880	0.012	1.000	0.988	-8.237	0.338	0.339
-7.0	-0.105	0.00908	0.009	0.850	0.017	1.000	1.000	-11.577	0.338	0.339
-6.0	-0.090	0.00845	0.008	0.813	0.025	1.000	1.000	-10.670	0.339	0.340
-5.0	-0.075	0.00792	0.007	0.765	0.052	1.000	1.000	-9.502	0.339	0.340
-4.0	-0.060	0.00724	0.005	0.707	0.138	1.000	1.000	-8.316	0.339	0.340
-3.0	-0.045	0.00685	0.004	0.639	0.216	1.000	1.000	-6.598	0.340	0.340
-2.0	-0.030	0.00664	0.003	0.567	0.287	1.000	1.000	-4.542	0.340	0.340
-1.0	-0.015	0.00655	0.001	0.495	0.356	1.000	1.000	-2.300	0.340	0.340
0.0	0.000	0.00644	-0.000	0.425	0.425	1.000	1.000	0.000	0.340	0.250
1.0	0.015	0.00648	-0.001	0.356	0.495	1.000	1.000	2.326	0.340	0.340
2.0	0.030	0.00665	-0.003	0.287	0.567	1.000	1.000	4.529	0.340	0.340
3.0	0.045	0.00685	-0.004	0.216	0.639	1.000	1.000	6.598	0.340	0.340
4.0	0.060	0.00723	-0.005	0.138	0.707	1.000	1.000	8.333	0.339	0.340
5.0	0.075	0.00791	-0.007	0.053	0.765	1.000	1.000	9.513	0.339	0.340
6.0	0.090	0.00846	-0.008	0.025	0.813	1.000	1.000	10.660	0.339	0.340
7.0	0.105	0.00900	-0.009	0.017	0.850	1.000	1.000	11.682	0.338	0.339
8.0	0.120	0.01452	-0.011	0.012	0.880	0.988	1.000	8.245	0.338	0.339
9.0	0.134	0.01561	-0.012	0.009	0.903	0.967	1.000	8.582	0.337	0.339
10.0	0.147	0.01782	-0.013	0.007	0.922	0.916	1.000	8.255	0.333	0.339
11.0	0.157	0.02299	-0.014	0.006	0.937	0.773	1.000	6.823	0.268	0.338
12.0	0.158	0.04583	-0.013	0.005	0.950	0.416	1.000	3.449	-0.509	0.334
13.0	0.160	0.08205	-0.011	0.004	0.960	0.135	1.000	1.951	-0.023	0.321
14.0	0.169	0.10530	-0.010	0.004	0.969	0.058	1.000	1.603	0.157	0.311
15.0	0.179	0.12786	-0.010	0.003	0.976	0.030	1.000	1.402	0.215	0.304
16.0	0.190	0.15215	-0.010	0.002	0.983	0.022	1.000	1.252	0.277	0.300
17.0	0.202	0.16331	-0.010	0.004	1.000	0.023	1.000	1.236	0.306	0.301
18.0	0.213	0.17674	-0.011	0.006	1.000	0.024	1.000	1.207	0.310	0.301
19.0	0.225	0.18554	-0.012	0.009	1.000	0.027	1.000	1.211	0.313	0.302
20.0	0.236	0.20184	-0.012	0.010	1.000	0.029	1.000	1.169	0.304	0.302
21.0	0.247	0.22041	-0.013	0.012	1.000	0.029	1.000	1.121	0.304	0.302
22.0	0.258	0.23531	-0.013	0.013	1.000	0.031	1.000	1.097	0.308	0.302
23.0	0.269	0.25217	-0.014	0.015	1.000	0.033	1.000	1.067	0.303	0.302
24.0	0.280	0.26630	-0.015	0.017	1.000	0.033	1.000	1.051	0.306	0.302
25.0	0.291	0.28215	-0.015	0.019	1.000	0.036	1.000	1.031	0.310	0.303
26.0	0.302	0.29909	-0.016	0.021	1.000	0.038	1.000	1.008	0.308	0.303
27.0	0.312	0.31474	-0.017	0.023	1.000	0.040	1.000	0.992	0.306	0.303
28.0	0.323	0.32520	-0.017	0.026	1.000	0.042	1.000	0.992	0.306	0.303
29.0	0.333	0.34253	-0.018	0.028	1.000	0.045	1.000	0.972	0.294	0.303
30.0	0.343	0.37273	-0.018	0.028	1.000	0.044	1.000	0.920	0.292	0.302
31.0	0.353	0.38033	-0.019	0.031	1.000	0.046	1.000	0.929	0.302	0.302
32.0	0.363	0.39535	-0.019	0.034	1.000	0.048	1.000	0.919	0.297	0.302
33.0	0.373	0.42488	-0.019	0.034	1.000	0.050	1.000	0.878	0.294	0.302
34.0	0.383	0.43624	-0.020	0.036	1.000	0.051	1.000	0.877	0.296	0.302
35.0	0.392	0.44819	-0.020	0.039	1.000	0.054	1.000	0.875	0.290	0.302
36.0	0.402	0.47697	-0.021	0.039	1.000	0.055	1.000	0.842	0.284	0.301
37.0	0.411	0.48749	-0.021	0.042	1.000	0.056	1.000	0.843	0.296	0.301
38.0	0.420	0.48939	-0.022	0.046	1.000	0.061	1.000	0.859	0.282	0.301
39.0	0.429	0.52615	-0.022	0.046	1.000	0.059	1.000	0.815	0.278	0.300
40.0	0.438	0.52370	-0.022	0.049	1.000	0.063	1.000	0.836	0.275	0.300
41.0	0.446	0.55903	-0.022	0.049	1.000	0.061	1.000	0.798	0.273	0.299
42.0	0.455	0.55695	-0.022	0.052	1.000	0.066	1.000	0.817	0.279	0.299
43.0	0.463	0.59234	-0.022	0.052	1.000	0.066	1.000	0.782	0.276	0.299
44.0	0.472	0.58451	-0.023	0.056	1.000	0.071	1.000	0.808	0.267	0.298
45.0	0.480	0.61883	-0.023	0.056	1.000	0.069	1.000	0.775	0.242	0.297
46.0	0.487	0.65469	-0.023	0.056	1.000	0.069	1.000	0.745	0.261	0.297
47.0	0.495	0.64495	-0.023	0.059	1.000	0.073	1.000	0.768	0.256	0.296
48.0	0.503	0.67638	-0.023	0.059	1.000	0.072	1.000	0.743	0.239	0.295
49.0	0.510	0.70630	-0.023	0.059	1.000	0.073	1.000	0.722	0.249	0.295
50.0	0.517	0.69108	-0.023	0.063	1.000	0.076	1.000	0.749	0.241	0.294
51.0	0.524	0.72037	-0.023	0.063	1.000	0.075	1.000	0.728	0.223	0.293
52.0	0.531	0.75375	-0.022	0.063	1.000	0.075	1.000	0.705	0.029	0.292
53.0	0.538	0.73275	-0.020	0.067	0.504	0.079	0.504	0.734	0.017	0.286
54.0	0.544	0.76228	-0.019	0.067	0.504	0.079	0.504	0.714	0.214	0.286
55.0	0.551	0.79556	-0.019	0.067	0.504	0.079	0.507	0.692	0.236	0.285
56.0	0.557	0.76450	-0.019	0.071	0.506	0.084	0.512	0.729	0.232	0.284
57.0	0.563	0.79305	-0.019	0.071	0.508	0.083	0.518	0.710	0.203	0.284
58.0	0.569	0.81230	-0.019	0.071	0.511	0.083	0.524	0.700	0.199	0.283
59.0	0.574	0.83379	-0.018	0.071	0.513	0.083	0.532	0.689	0.195	0.282
60.0	0.580	0.85769	-0.018	0.071	0.514	0.083	0.540	0.676	0.194	0.281

Name = Untitled
Mach = 0.3; Re = 3000000; T.U. = 1.0; T.L. = 1.0
Surface Finish = 0; Stall model = 0; Transition model = 1; Aspect Ratio = 0; ground effect = 0
α	Cl	Cd	Cm 0.25	T.U.	T.L.	S.U.	S.L.	L/D	A.C.	C.P.
[°]	[-]	[-]	[-]	[-]	[-]	[-]	[-]	[-]	[-]	[-]
-60.0	-0.580	0.81844	0.018	0.514	0.071	0.546	0.089	-0.709	0.186	0.282
-59.0	-0.575	0.79946	0.019	0.513	0.071	0.538	0.089	-0.719	0.186	0.282
-58.0	-0.570	0.77562	0.019	0.511	0.071	0.529	0.091	-0.735	0.191	0.283
-57.0	-0.564	0.75456	0.019	0.508	0.071	0.521	0.092	-0.748	0.193	0.284
-56.0	-0.559	0.72773	0.020	0.506	0.071	0.514	0.094	-0.768	0.234	0.285
-55.0	-0.552	0.74952	0.020	0.504	0.067	0.508	0.087	-0.736	0.239	0.285
-54.0	-0.546	0.72638	0.020	0.504	0.067	0.504	0.088	-0.751	0.199	0.286
-53.0	-0.540	0.69887	0.020	0.504	0.067	0.504	0.091	-0.772	0.019	0.287
-52.0	-0.532	0.71553	0.023	1.000	0.063	1.000	0.084	-0.744	0.031	0.293
-51.0	-0.526	0.68615	0.023	1.000	0.063	1.000	0.085	-0.766	0.207	0.294
-50.0	-0.519	0.65514	0.023	1.000	0.063	1.000	0.088	-0.792	0.247	0.295
-49.0	-0.511	0.66378	0.023	1.000	0.059	1.000	0.081	-0.770	0.259	0.296
-48.0	-0.504	0.64084	0.023	1.000	0.059	1.000	0.081	-0.786	0.226	0.296
-47.0	-0.497	0.60805	0.024	1.000	0.059	1.000	0.084	-0.817	0.257	0.298
-46.0	-0.488	0.61924	0.023	1.000	0.056	1.000	0.077	-0.789	0.263	0.298
-45.0	-0.481	0.58766	0.023	1.000	0.056	1.000	0.079	-0.818	0.221	0.299
-44.0	-0.474	0.55275	0.024	1.000	0.056	1.000	0.085	-0.857	0.268	0.300
-43.0	-0.464	0.56214	0.023	1.000	0.052	1.000	0.075	-0.826	0.269	0.300
-42.0	-0.457	0.52592	0.023	1.000	0.052	1.000	0.081	-0.869	0.273	0.301
-41.0	-0.448	0.53217	0.023	1.000	0.048	1.000	0.072	-0.841	0.273	0.301
-40.0	-0.440	0.49789	0.023	1.000	0.048	1.000	0.078	-0.883	0.273	0.302
-39.0	-0.430	0.49997	0.022	1.000	0.045	1.000	0.070	-0.860	0.278	0.302
-38.0	-0.422	0.46132	0.022	1.000	0.046	1.000	0.076	-0.914	0.283	0.303
-37.0	-0.412	0.46254	0.022	1.000	0.042	1.000	0.067	-0.891	0.308	0.303
-36.0	-0.403	0.44960	0.021	1.000	0.039	1.000	0.065	-0.896	0.278	0.303
-35.0	-0.393	0.42230	0.021	1.000	0.039	1.000	0.066	-0.932	0.285	0.304
-34.0	-0.384	0.41381	0.021	1.000	0.036	1.000	0.063	-0.927	0.297	0.304
-33.0	-0.374	0.40422	0.020	1.000	0.033	1.000	0.061	-0.925	0.285	0.304
-32.0	-0.364	0.37490	0.020	1.000	0.033	1.000	0.062	-0.972	0.290	0.305
-31.0	-0.354	0.36256	0.019	1.000	0.030	1.000	0.059	-0.977	0.311	0.305
-30.0	-0.344	0.35136	0.019	1.000	0.028	1.000	0.054	-0.979	0.292	0.305
-29.0	-0.334	0.32185	0.019	1.000	0.028	1.000	0.058	-1.038	0.286	0.306
-28.0	-0.324	0.30827	0.018	1.000	0.026	1.000	0.056	-1.050	0.309	0.306
-27.0	-0.313	0.29708	0.017	1.000	0.023	1.000	0.052	-1.054	0.311	0.306
-26.0	-0.302	0.28278	0.017	1.000	0.021	1.000	0.049	-1.069	0.309	0.305
-25.0	-0.292	0.26669	0.016	1.000	0.019	1.000	0.047	-1.093	0.311	0.305
-24.0	-0.281	0.25364	0.015	1.000	0.017	1.000	0.044	-1.107	0.309	0.305
-23.0	-0.270	0.23838	0.015	1.000	0.015	1.000	0.043	-1.132	0.306	0.305
-22.0	-0.259	0.22276	0.014	1.000	0.013	1.000	0.041	-1.162	0.308	0.305
-21.0	-0.248	0.20769	0.014	1.000	0.011	1.000	0.039	-1.193	0.305	0.305
-20.0	-0.237	0.19277	0.013	1.000	0.010	1.000	0.039	-1.227	0.303	0.305
-19.0	-0.225	0.17640	0.012	1.000	0.009	1.000	0.038	-1.277	0.315	0.305
-18.0	-0.214	0.16695	0.012	1.000	0.006	1.000	0.033	-1.281	0.319	0.304
-17.0	-0.202	0.15508	0.011	0.983	0.004	1.000	0.031	-1.304	0.315	0.304
-16.0	-0.191	0.14523	0.010	0.976	0.002	1.000	0.028	-1.313	0.277	0.303
-15.0	-0.180	0.12222	0.010	0.969	0.003	1.000	0.040	-1.471	0.201	0.307
-14.0	-0.170	0.09906	0.011	0.960	0.004	1.000	0.082	-1.715	0.112	0.315
-13.0	-0.163	0.07074	0.013	0.949	0.004	1.000	0.214	-2.307	-0.221	0.327
-12.0	-0.163	0.03410	0.014	0.937	0.005	1.000	0.565	-4.793	-0.133	0.336
-11.0	-0.159	0.02005	0.014	0.921	0.006	1.000	0.841	-7.938	0.312	0.338
-10.0	-0.148	0.01651	0.013	0.902	0.007	1.000	0.940	-8.955	0.335	0.339
-9.0	-0.134	0.01464	0.012	0.879	0.009	1.000	0.977	-9.171	0.337	0.339
-8.0	-0.120	0.00928	0.011	0.849	0.012	1.000	1.000	-12.932	0.338	0.339
-7.0	-0.105	0.00862	0.009	0.811	0.017	1.000	1.000	-12.203	0.338	0.339
-6.0	-0.090	0.00814	0.008	0.764	0.025	1.000	1.000	-11.084	0.339	0.340
-5.0	-0.075	0.00766	0.007	0.707	0.052	1.000	1.000	-9.825	0.339	0.340
-4.0	-0.060	0.00718	0.005	0.641	0.110	1.000	1.000	-8.392	0.339	0.340
-3.0	-0.045	0.00682	0.004	0.573	0.180	1.000	1.000	-6.626	0.340	0.340
-2.0	-0.030	0.00662	0.003	0.504	0.246	1.000	1.000	-4.555	0.340	0.340
-1.0	-0.015	0.00653	0.001	0.438	0.310	1.000	1.000	-2.307	0.340	0.340
0.0	0.000	0.00643	-0.000	0.374	0.374	1.000	1.000	0.000	0.340	0.250
1.0	0.015	0.00646	-0.001	0.311	0.438	1.000	1.000	2.332	0.340	0.340
2.0	0.030	0.00664	-0.003	0.246	0.504	1.000	1.000	4.542	0.340	0.340
3.0	0.045	0.00682	-0.004	0.180	0.573	1.000	1.000	6.626	0.340	0.340
4.0	0.060	0.00716	-0.005	0.110	0.641	1.000	1.000	8.408	0.339	0.340
5.0	0.075	0.00765	-0.007	0.053	0.707	1.000	1.000	9.838	0.339	0.340
6.0	0.090	0.00815	-0.008	0.025	0.764	1.000	1.000	11.073	0.339	0.340
7.0	0.105	0.00862	-0.009	0.017	0.811	1.000	1.000	12.190	0.338	0.339
8.0	0.120	0.00927	-0.011	0.012	0.849	1.000	1.000	12.941	0.338	0.339
9.0	0.134	0.01463	-0.012	0.009	0.879	0.977	1.000	9.174	0.337	0.339
10.0	0.148	0.01651	-0.013	0.007	0.902	0.940	1.000	8.952	0.335	0.339
11.0	0.159	0.02005	-0.014	0.006	0.921	0.841	1.000	7.936	0.312	0.338
12.0	0.163	0.03411	-0.014	0.005	0.937	0.565	1.000	4.791	-0.117	0.336
13.0	0.163	0.07045	-0.013	0.004	0.949	0.217	1.000	2.317	-0.216	0.327
14.0	0.170	0.09897	-0.011	0.004	0.960	0.083	1.000	1.716	0.111	0.315
15.0	0.180	0.12202	-0.010	0.003	0.969	0.041	1.000	1.473	0.199	0.307
16.0	0.191	0.14553	-0.010	0.002	0.976	0.027	1.000	1.310	0.277	0.303
17.0	0.202	0.15570	-0.011	0.004	0.983	0.031	1.000	1.299	0.315	0.304
18.0	0.214	0.16735	-0.012	0.006	1.000	0.033	1.000	1.277	0.318	0.304
19.0	0.225	0.17689	-0.012	0.009	1.000	0.037	1.000	1.274	0.316	0.305
20.0	0.237	0.19219	-0.013	0.010	1.000	0.039	1.000	1.231	0.305	0.305
21.0	0.248	0.20792	-0.014	0.011	1.000	0.040	1.000	1.192	0.304	0.305
22.0	0.259	0.22307	-0.014	0.013	1.000	0.041	1.000	1.160	0.306	0.305
23.0	0.270	0.23974	-0.015	0.015	1.000	0.043	1.000	1.126	0.306	0.305
24.0	0.281	0.25333	-0.015	0.017	1.000	0.044	1.000	1.108	0.308	0.305
25.0	0.292	0.26784	-0.016	0.019	1.000	0.047	1.000	1.089	0.309	0.305
26.0	0.302	0.28314	-0.017	0.021	1.000	0.049	1.000	1.068	0.309	0.305
27.0	0.313	0.29846	-0.017	0.023	1.000	0.052	1.000	1.049	0.312	0.306
28.0	0.324	0.30936	-0.018	0.026	1.000	0.055	1.000	1.046	0.311	0.306
29.0	0.334	0.32167	-0.019	0.028	1.000	0.058	1.000	1.039	0.284	0.306
30.0	0.344	0.35192	-0.019	0.028	1.000	0.054	1.000	0.977	0.293	0.305
31.0	0.354	0.36075	-0.020	0.031	1.000	0.060	1.000	0.982	0.313	0.305
32.0	0.364	0.37510	-0.020	0.033	1.000	0.062	1.000	0.972	0.291	0.305
33.0	0.374	0.40171	-0.020	0.033	1.000	0.062	1.000	0.931	0.284	0.304
34.0	0.384	0.41194	-0.021	0.036	1.000	0.063	1.000	0.931	0.294	0.304
35.0	0.393	0.42387	-0.021	0.039	1.000	0.066	1.000	0.928	0.286	0.304
36.0	0.403	0.45020	-0.021	0.039	1.000	0.065	1.000	0.894	0.278	0.303
37.0	0.412	0.46104	-0.022	0.042	1.000	0.067	1.000	0.893	0.312	0.303
38.0	0.422	0.46140	-0.023	0.045	1.000	0.077	1.000	0.915	0.286	0.303
39.0	0.430	0.49720	-0.022	0.045	1.000	0.071	1.000	0.865	0.276	0.302
40.0	0.440	0.49614	-0.023	0.048	1.000	0.079	1.000	0.886	0.271	0.302
41.0	0.448	0.52931	-0.023	0.049	1.000	0.072	1.000	0.846	0.270	0.301
42.0	0.457	0.52519	-0.023	0.052	1.000	0.081	1.000	0.870	0.273	0.301
43.0	0.465	0.56088	-0.023	0.052	1.000	0.076	1.000	0.828	0.270	0.300
44.0	0.474	0.55473	-0.024	0.055	1.000	0.085	1.000	0.854	0.267	0.300
45.0	0.481	0.58742	-0.023	0.055	1.000	0.079	1.000	0.819	0.219	0.299
46.0	0.488	0.61507	-0.023	0.056	1.000	0.077	1.000	0.794	0.260	0.298
47.0	0.497	0.61279	-0.024	0.059	1.000	0.083	1.000	0.811	0.257	0.297
48.0	0.504	0.63799	-0.023	0.059	1.000	0.081	1.000	0.790	0.228	0.296
49.0	0.511	0.66686	-0.023	0.059	1.000	0.081	1.000	0.766	0.259	0.295
50.0	0.519	0.65514	-0.023	0.063	1.000	0.088	1.000	0.792	0.248	0.295
51.0	0.526	0.68615	-0.023	0.063	1.000	0.085	1.000	0.766	0.207	0.294
52.0	0.532	0.71553	-0.023	0.063	1.000	0.084	1.000	0.744	0.031	0.293
53.0	0.540	0.69887	-0.020	0.067	0.504	0.091	0.504	0.772	0.019	0.287
54.0	0.546	0.72638	-0.020	0.067	0.504	0.088	0.504	0.751	0.199	0.286
55.0	0.552	0.74952	-0.020	0.067	0.504	0.087	0.508	0.736	0.239	0.285
56.0	0.559	0.72773	-0.020	0.071	0.506	0.094	0.514	0.768	0.234	0.285
57.0	0.564	0.75456	-0.019	0.071	0.508	0.092	0.521	0.748	0.193	0.284
58.0	0.570	0.77562	-0.019	0.071	0.511	0.091	0.529	0.735	0.191	0.283
59.0	0.575	0.79946	-0.019	0.071	0.513	0.089	0.538	0.719	0.186	0.282
60.0	0.580	0.81844	-0.018	0.071	0.514	0.089	0.546	0.709	0.186	0.282


